 2.281813e-01 1.212483e-01 1.750751e-01 2.393233e-01 1.633294e-01 6.414391e-03 1.822829e-01 7.034939e-02 6.023246e-01 1.112073e+00 1.570151e+00 2.008325e+00 2.042955e+00 1.990522e+00 1.930749e+00 1.779044e+00 1.548251e+00 1.335283e+00 8.689653e-01 5.029500e-01 5.127264e-01 3.913542e-01 6.678085e-01 8.662669e-01 1.363800e+00 1.995584e+00 1.887665e+00 2.024656e+00 1.740202e+00 1.508039e+00 9.442167e-01
 1.249774e-01 -1.025547e-01 2.193694e-01 9.597460e-02 1.862187e-01 6.522008e-02 2.391637e-01 2.102545e-01 7.932931e-01 1.071598e+00 1.514274e+00 1.835921e+00 1.726875e+00 1.866570e+00 1.795554e+00 1.675165e+00 1.469562e+00 1.203830e+00 7.310732e-01 5.386291e-01 4.431786e-01 5.237699e-01 5.726245e-01 1.048966e+00 1.279090e+00 1.963395e+00 2.044433e+00 2.018566e+00 1.677012e+00 1.428037e+00 1.245575e+00
 9.451034e-02 -1.088338e-02 1.644061e-01 1.477327e-01 1.427346e-01 6.950621e-02 3.273508e-01 4.053047e-01 6.076135e-01 1.120276e+00 1.442356e+00 1.949826e+00 2.010565e+00 1.862051e+00 1.676699e+00 1.412022e+00 1.215737e+00 1.019730e+00 8.191412e-01 4.501453e-01 4.331931e-01 3.563612e-01 8.146334e-01 1.025550e+00 1.395560e+00 1.879044e+00 1.938400e+00 2.291134e+00 1.833205e+00 1.783547e+00 1.251968e+00
 1.665925e-01 1.575509e-01 5.765787e-02 -8.711423e-02 2.460971e-02 1.817561e-01 2.384019e-01 6.864484e-01 7.496822e-01 1.192182e+00 1.266998e+00 1.832291e+00 1.751025e+00 1.826847e+00 1.569111e+00 1.511842e+00 1.216523e+00 8.540067e-01 6.249319e-01 4.817759e-01 2.479245e-01 5.216099e-01 5.445580e-01 1.017526e+00 1.586099e+00 1.951816e+00 2.434704e+00 2.166999e+00 2.098265e+00 1.720556e+00 1.339702e+00
 -2.400317e-02 -2.133299e-01 -1.360593e-02 4.671683e-02 2.318119e-02 2.677878e-01 3.100964e-01 4.782912e-01 7.107638e-01 1.008485e+00 1.178172e+00 1.610393e+00 1.611140e+00 1.734898e+00 1.478091e+00 1.407991e+00 1.092651e+00 7.299882e-01 5.588986e-01 3.778355e-01 2.744109e-01 3.711578e-01 3.693983e-01 9.927163e-01 1.424963e+00 1.843594e+00 2.222548e+00 2.374589e+00 2.099923e+00 1.798808e+00 1.582830e+00
 4.477221e-02 -8.376899e-03 -1.289395e-01 5.173473e-02 2.329054e-01 2.743624e-01 3.474506e-01 4.777556e-01 8.253103e-01 1.014413e+00 1.331297e+00 1.486798e+00 1.543138e+00 1.601224e+00 1.410080e+00 1.214265e+00 1.106168e+00 6.464837e-01 5.298025e-01 2.366465e-01 1.475339e-01 2.287140e-01 6.547710e-01 8.352645e-01 1.478319e+00 1.922840e+00 2.237929e+00 2.198327e+00 2.184360e+00 1.655365e+00 1.597578e+00
 1.183200e-01 -9.391925e-02 -1.371212e-01 1.160701e-01 -3.840624e-02 1.481251e-01 4.304121e-01 5.131103e-01 7.623836e-01 9.952567e-01 1.395595e+00 1.431804e+00 1.467624e+00 1.253655e+00 1.006630e+00 1.061200e+00 8.758916e-01 6.035594e-01 4.215911e-01 9.532682e-02 2.265353e-01 3.093098e-01 4.314910e-01 9.079308e-01 1.411552e+00 1.876871e+00 2.151776e+00 2.263610e+00 2.237036e+00 2.011423e+00 1.463218e+00
 -1.984673e-01 2.857841e-02 -2.043903e-01 9.303222e-03 -2.020133e-02 1.752900e-01 2.172089e-01 7.092969e-01 6.916228e-01 1.095015e+00 1.336384e+00 1.407116e+00 1.464793e+00 1.432432e+00 1.447177e+00 9.094758e-01 6.683743e-01 5.828991e-01 4.489079e-01 9.471685e-02 -2.486647e-02 2.842952e-03 3.657775e-01 6.901512e-01 1.312008e+00 1.821109e+00 2.160967e+00 2.392678e+00 2.219776e+00 1.911187e+00 1.502156e+00
 -1.001935e-01 -6.743722e-02 -2.302735e-01 -9.096424e-02 -2.108226e-02 2.715615e-01 3.254703e-01 5.452987e-01 8.953899e-01 1.084746e+00 1.248137e+00 1.262805e+00 1.296571e+00 1.196217e+00 1.112705e+00 6.866245e-01 7.645786e-01 5.252613e-01 2.040455e-01 2.465752e-01 -1.529852e-01 1.040065e-01 2.984978e-01 8.114828e-01 1.384922e+00 1.846385e+00 2.240821e+00 2.347915e+00 2.188760e+00 1.822323e+00 1.456296e+00
 3.717240e-02 -7.492385e-02 -7.494216e-02 3.355743e-04 1.013605e-01 4.193619e-01 3.529523e-01 5.942772e-01 7.167982e-01 1.236777e+00 1.290878e+00 1.410278e+00 1.288819e+00 1.160441e+00 8.315650e-01 6.331049e-01 7.206814e-01 3.692102e-01 6.677725e-02 -8.130916e-02 -1.025516e-01 7.983355e-02 3.525795e-01 6.701714e-01 1.130963e+00 1.844165e+00 2.388501e+00 2.348830e+00 2.457844e+00 2.065485e+00 1.662137e+00
 -2.029137e-01 -3.477601e-01 1.276043e-01 1.244228e-01 3.031537e-01 2.207339e-01 4.775042e-01 7.637410e-01 8.860424e-01 1.139848e+00 1.137949e+00 1.180514e+00 1.103904e+00 9.960744e-01 8.820348e-01 7.142865e-01 4.570106e-01 2.189250e-01 2.204851e-02 -5.093428e-02 -1.667865e-01 -4.063731e-02 1.378159e-01 5.735784e-01 1.298751e+00 1.731511e+00 2.174449e+00 2.262514e+00 2.164010e+00 1.931614e+00 1.677688e+00
 -3.009948e-01 -2.044401e-01 -3.218293e-02 3.919886e-02 3.928965e-01 2.295570e-01 4.432243e-01 4.593329e-01 9.719876e-01 9.375116e-01 1.422434e+00 1.272173e+00 1.100446e+00 9.270801e-01 9.230020e-01 6.213187e-01 3.769004e-01 2.164725e-01 -2.469507e-01 -2.527660e-01 -2.708679e-01 -1.785088e-01 -8.290260e-02 5.608991e-01 9.865852e-01 1.767652e+00 1.948476e+00 2.247857e+00 2.193219e+00 1.955230e+00 1.776522e+00
 -2.976017e-01 -1.441778e-01 5.302254e-02 2.947189e-01 3.617311e-01 3.429092e-01 6.343661e-01 7.309508e-01 8.202386e-01 1.009271e+00 9.588302e-01 1.116702e+00 9.194071e-01 9.857414e-01 7.286611e-01 3.505332e-01 2.497880e-02 3.643792e-02 -2.034593e-01 -2.784567e-01 -3.557670e-01 -4.016551e-01 -3.805519e-02 4.179450e-01 7.896575e-01 1.693403e+00 2.024088e+00 2.299446e+00 2.279750e+00 1.905768e+00 1.726267e+00
 3.097561e-02 -8.239016e-03 -2.637657e-02 2.616050e-01 3.150287e-02 1.888534e-01 5.851700e-01 6.140450e-01 7.498687e-01 9.807302e-01 9.192640e-01 7.607721e-01 9.418831e-01 8.004296e-01 6.713903e-01 4.281296e-01 1.241888e-01 1.556104e-02 -2.338785e-01 -5.248041e-01 -4.358777e-01 -4.186843e-01 -5.237002e-02 4.468029e-01 8.488101e-01 1.321367e+00 1.974365e+00 2.000656e+00 2.152580e+00 1.770812e+00 1.475802e+00
 -1.059807e-01 -1.314419e-01 -2.069397e-01 4.410622e-02 3.678927e-01 5.079303e-01 3.798545e-01 6.460165e-01 7.865578e-01 9.102434e-01 9.725789e-01 1.012516e+00 8.717333e-01 5.447511e-01 4.011177e-01 3.579461e-01 3.351649e-02 -2.176977e-02 -4.027788e-01 -5.880299e-01 -5.568162e-01 -4.582237e-01 -1.267663e-01 2.521248e-01 6.932377e-01 1.161326e+00 1.629226e+00 1.944049e+00 2.047560e+00 1.774141e+00 1.650597e+00
 -1.948982e-01 -9.396037e-02 1.817830e-02 -6.179702e-02 3.036704e-01 4.660529e-01 4.595296e-01 5.857723e-01 6.718161e-01 6.854034e-01 9.851900e-01 9.370559e-01 7.592530e-01 6.746624e-01 3.118756e-01 2.602482e-01 2.146445e-01 -3.784158e-01 -5.840732e-01 -5.944163e-01 -7.719524e-01 -6.828941e-01 -4.848960e-01 3.113287e-01 5.360059e-01 1.243521e+00 1.626492e+00 1.919612e+00 1.941587e+00 1.554125e+00 1.481128e+00
 -5.053153e-02 -5.328678e-03 5.560245e-02 9.636313e-02 2.045375e-01 4.125115e-01 7.145783e-01 4.112466e-01 8.311779e-01 8.872798e-01 9.967852e-01 9.294302e-01 7.257237e-01 3.939655e-01 2.264362e-01 2.372414e-01 6.471461e-02 -2.307931e-01 -3.511905e-01 -6.942866e-01 -7.928563e-01 -9.380788e-01 -4.184059e-01 -4.154243e-02 5.786286e-01 1.243607e+00 1.472922e+00 1.676330e+00 1.753624e+00 1.711754e+00 1.458619e+00
 -1.888829e-01 1.353926e-01 -4.734606e-02 3.352439e-01 4.828841e-01 3.033723e-01 3.565789e-01 4.236651e-01 8.421837e-01 6.971572e-01 7.118090e-01 8.253273e-01 5.431348e-01 4.628085e-01 2.694114e-01 5.941955e-02 -4.209165e-02 -4.177525e-01 -6.608712e-01 -7.947779e-01 -1.022027e+00 -9.358204e-01 -5.941333e-01 -3.007892e-02 3.801702e-01 9.213378e-01 1.343516e+00 1.646520e+00 1.701729e+00 1.571262e+00 1.129393e+00
 -1.433196e-01 2.354229e-01 1.055363e-01 3.344349e-01 2.749535e-01 2.572722e-01 4.630845e-01 4.443864e-01 7.096789e-01 8.146888e-01 5.884423e-01 8.101898e-01 6.388457e-01 6.542380e-01 4.249795e-01 1.038255e-01 -1.717804e-01 -3.694955e-01 -6.468254e-01 -8.034459e-01 -1.043401e+00 -1.003490e+00 -5.803900e-01 -2.697119e-01 3.401105e-01 6.880890e-01 1.173148e+00 1.423620e+00 1.341599e+00 1.355643e+00 1.166326e+00
 1.002881e-01 1.497401e-01 2.762569e-01 2.076867e-01 2.746688e-01 4.468212e-01 5.609515e-01 5.008564e-01 4.543703e-01 6.534668e-01 7.626288e-01 7.011486e-01 5.853776e-01 5.181855e-01 3.001836e-01 -2.536332e-02 -3.202023e-01 -2.912656e-01 -1.033732e+00 -1.084585e+00 -1.216031e+00 -1.176094e+00 -8.428425e-01 -2.844885e-01 1.994425e-01 7.057296e-01 1.043276e+00 1.137800e+00 1.376955e+00 1.246031e+00 7.572225e-01
 2.372332e-01 2.219441e-01 1.393576e-01 2.127463e-01 2.479404e-01 3.731936e-01 4.677444e-01 4.028463e-01 6.157777e-01 5.538706e-01 6.073568e-01 5.772019e-01 3.554596e-01 3.740552e-01 2.737106e-01 1.216277e-01 -2.438664e-01 -5.815391e-01 -9.411711e-01 -9.461078e-01 -1.289396e+00 -1.294841e+00 -9.469540e-01 -5.354921e-01 -9.154212e-02 4.749803e-01 9.752339e-01 1.110113e+00 1.138245e+00 7.435230e-01 7.831348e-01
 1.301595e-01 1.679965e-01 7.820413e-02 2.364457e-01 1.989311e-01 3.610868e-01 3.051120e-01 4.516046e-01 7.229946e-01 4.329091e-01 6.035555e-01 7.750796e-01 7.524849e-01 3.915402e-01 2.484345e-01 -1.298613e-02 -3.368611e-01 -6.267337e-01 -9.265402e-01 -1.292658e+00 -1.409024e+00 -1.433168e+00 -9.412592e-01 -7.616101e-01 -1.002434e-01 2.752193e-01 7.835139e-01 9.875501e-01 9.236826e-01 8.184977e-01 3.485122e-01
 9.100014e-02 1.876933e-01 2.225415e-01 4.889701e-02 1.711487e-01 1.709569e-01 2.774068e-01 1.468252e-01 2.384098e-01 3.766223e-01 6.531286e-01 4.642497e-01 5.167687e-01 5.485380e-01 2.930855e-01 4.384423e-02 -1.229397e-01 -8.433104e-01 -1.014314e+00 -1.470212e+00 -1.553912e+00 -1.430554e+00 -1.213740e+00 -7.714228e-01 -3.216025e-01 1.974321e-02 7.284197e-01 8.165344e-01 6.736933e-01 6.910147e-01 3.446014e-01
 2.013222e-01 1.108176e-01 2.289612e-01 1.431321e-01 1.802716e-01 6.166857e-02 1.372525e-01 4.734025e-02 2.308329e-01 4.633152e-01 4.182246e-01 6.006375e-01 5.255413e-01 3.115649e-01 9.094575e-02 -1.993213e-02 -6.063322e-01 -6.673624e-01 -9.271016e-01 -1.601750e+00 -1.552893e+00 -1.705834e+00 -1.322335e+00 -8.402305e-01 -5.238811e-01 1.410486e-01 2.553455e-01 5.736593e-01 6.080724e-01 3.130550e-01 3.920352e-01
 7.162273e-02 1.375608e-01 1.140383e-01 1.791373e-01 1.383550e-01 -5.646184e-02 1.071944e-01 1.405470e-01 2.459629e-01 1.747706e-01 3.422187e-01 3.624861e-01 4.364564e-01 5.868177e-01 1.779057e-01 9.070103e-02 -3.503686e-01 -7.074936e-01 -1.386834e+00 -1.444239e+00 -1.784608e+00 -1.691734e+00 -1.568372e+00 -1.080767e+00 -5.168000e-01 -1.759329e-01 3.834058e-01 4.295620e-01 3.050449e-01 2.148231e-01 -2.292233e-01
 1.110383e-01 3.454119e-02 1.660994e-01 7.226903e-02 6.366610e-03 1.217396e-01 1.575961e-01 1.271069e-01 -3.390680e-02 1.164133e-01 3.089721e-01 4.182130e-01 5.219153e-01 3.815122e-01 4.400122e-01 -8.594434e-02 -5.041752e-01 -8.964218e-01 -1.203242e+00 -1.645772e+00 -1.819475e+00 -1.634209e+00 -1.612824e+00 -1.095894e+00 -7.701392e-01 -2.683251e-01 1.405129e-01 2.734878e-01 2.024358e-01 3.404972e-01 -3.274250e-01
 2.644970e-01 1.600856e-01 1.350832e-01 8.197165e-02 -1.981478e-01 -1.884479e-01 -1.319528e-01 -1.107893e-01 1.045536e-01 1.126614e-01 2.276627e-01 3.589516e-01 3.442412e-01 4.076257e-01 2.799939e-01 1.136516e-01 -3.165831e-01 -8.952197e-01 -1.119607e+00 -1.684780e+00 -1.961498e+00 -2.072095e+00 -1.671256e+00 -1.390335e+00 -1.061626e+00 -5.463964e-01 -2.117131e-02 -9.893995e-02 3.015879e-03 -1.578648e-01 -4.586119e-01
 3.345098e-02 8.908045e-02 -3.243376e-02 -2.835505e-02 -1.895405e-01 -2.637952e-01 -2.870542e-01 -1.684839e-01 -9.223014e-03 3.692924e-02 1.407460e-01 3.276083e-01 4.446033e-01 5.501608e-01 1.684555e-01 1.274698e-01 -3.261584e-01 -8.599474e-01 -1.316448e+00 -1.851348e+00 -2.054902e+00 -1.998076e+00 -1.836914e+00 -1.339605e+00 -1.093630e+00 -7.096837e-01 -5.103688e-01 -4.197259e-02 -2.029982e-01 -5.346429e-01 -8.038842e-01
 1.898973e-01 1.052929e-01 -1.079865e-01 -3.341198e-01 -3.536142e-01 -3.841792e-01 -4.881569e-01 -3.368534e-01 -5.729850e-02 -2.614023e-02 4.022937e-02 3.551864e-01 4.100023e-01 4.013947e-01 3.340244e-01 6.213709e-02 -3.922012e-01 -1.021289e+00 -1.403141e+00 -1.858130e+00 -2.117583e+00 -2.120350e+00 -2.033890e+00 -1.715056e+00 -1.221645e+00 -6.586024e-01 -5.649110e-01 -3.992674e-01 -3.812286e-01 -6.389338e-01 -7.290594e-01
 1.915051e-01 9.246468e-02 -1.468082e-01 -2.631442e-01 -5.053668e-01 -6.551090e-01 -6.335130e-01 -4.943413e-01 -4.739520e-01 -1.835001e-01 -1.518259e-02 1.709481e-01 5.867704e-01 5.076319e-01 5.362925e-01 2.142277e-01 -2.410749e-01 -9.662809e-01 -1.514166e+00 -1.960956e+00 -2.102266e+00 -2.040947e+00 -2.041970e+00 -1.836859e+00 -1.424956e+00 -8.239058e-01 -7.349585e-01 -4.688885e-01 -6.231661e-01 -6.531085e-01 -1.015823e+00
 9.428573e-03 -6.935607e-02 -1.935501e-01 -4.088623e-01 -6.823284e-01 -8.324014e-01 -7.566020e-01 -5.222834e-01 -5.303302e-01 -3.486950e-01 1.539811e-01 8.927628e-02 5.584891e-01 5.322411e-01 4.572528e-01 4.536025e-03 -3.289716e-01 -9.124986e-01 -1.350398e+00 -2.007488e+00 -2.293441e+00 -2.523964e+00 -1.915680e+00 -1.794439e+00 -1.348919e+00 -9.992348e-01 -9.437240e-01 -7.608307e-01 -9.274515e-01 -1.152325e+00 -1.252565e+00
 1.117473e+00 7.008047e-01 1.431670e-01 -3.143934e-01 -6.023197e-01 -5.767131e-01 -6.644731e-01 -7.983643e-01 -3.834541e-01 -8.533696e-01 -9.241092e-01 -6.489282e-01 -9.260015e-01 -1.007927e+00 -1.434068e+00 -1.460682e+00 -1.527665e+00 -1.497751e+00 -1.371107e+00 -1.172731e+00 -1.123806e+00 -9.133810e-01 -7.890484e-01 -5.242465e-01 -5.284697e-01 -5.915362e-01 -5.055418e-01 -4.637571e-01 -4.496872e-01 -4.017763e-01 -7.049418e-01
 1.302563e+00 9.320121e-01 3.054731e-01 -2.329908e-01 -5.425008e-01 -7.005592e-01 -5.508738e-01 -7.934700e-01 -8.740123e-01 -7.450253e-01 -8.227389e-01 -1.007347e+00 -1.184151e+00 -1.429396e+00 -1.472060e+00 -1.788833e+00 -1.694018e+00 -1.695024e+00 -1.559747e+00 -1.294838e+00 -1.163520e+00 -9.490239e-01 -7.977661e-01 -7.858707e-01 -8.744842e-01 -5.790162e-01 -5.656770e-01 -6.020147e-01 -7.055057e-01 -5.810889e-01 -9.439995e-01
 1.492958e+00 7.070895e-01 2.514272e-01 -2.458192e-01 -4.991249e-01 -6.147221e-01 -7.021429e-01 -8.706549e-01 -8.278812e-01 -9.102520e-01 -8.353993e-01 -1.091980e+00 -1.189921e+00 -1.453833e+00 -1.539919e+00 -1.681182e+00 -1.791830e+00 -1.779792e+00 -1.637923e+00 -1.399297e+00 -1.203084e+00 -1.141241e+00 -8.959006e-01 -6.310185e-01 -6.863479e-01 -6.693999e-01 -6.982462e-01 -5.872981e-01 -5.875032e-01 -8.848972e-01 -1.021448e+00
 1.422607e+00 6.557562e-01 1.534715e-01 -1.828162e-01 -4.212585e-01 -6.869547e-01 -7.231451e-01 -9.562267e-01 -9.008201e-01 -1.184383e+00 -8.459251e-01 -1.326186e+00 -1.564751e+00 -1.471942e+00 -1.530400e+00 -1.857534e+00 -2.017822e+00 -1.771310e+00 -1.803460e+00 -1.392120e+00 -1.466439e+00 -1.085494e+00 -9.863227e-01 -9.540253e-01 -6.935723e-01 -1.133306e+00 -7.594122e-01 -9.127123e-01 -8.974636e-01 -1.059871e+00 -1.011961e+00
 1.435159e+00 8.108120e-01 2.533998e-01 -1.371960e-01 -3.688774e-01 -6.186364e-01 -9.916912e-01 -9.368030e-01 -8.938172e-01 -1.141329e+00 -1.230226e+00 -1.256835e+00 -1.440224e+00 -1.682814e+00 -1.838463e+00 -1.901792e+00 -1.901238e+00 -1.826831e+00 -1.713774e+00 -1.580236e+00 -1.313541e+00 -1.110844e+00 -1.026301e+00 -1.027172e+00 -9.406861e-01 -8.218516e-01 -8.661011e-01 -7.973902e-01 -1.138265e+00 -1.157332e+00 -1.422507e+00
 1.432403e+00 7.605855e-01 1.984280e-01 -5.317018e-02 -4.543263e-01 -7.247885e-01 -7.248119e-01 -1.004366e+00 -1.033346e+00 -1.212629e+00 -1.242144e+00 -1.472970e+00 -1.662979e+00 -1.824845e+00 -1.870716e+00 -1.916669e+00 -2.155789e+00 -2.068912e+00 -1.949258e+00 -1.769289e+00 -1.637957e+00 -1.294067e+00 -1.050349e+00 -8.680870e-01 -1.113015e+00 -1.027925e+00 -1.089510e+00 -1.017393e+00 -1.177260e+00 -1.261362e+00 -1.396976e+00
 1.401694e+00 8.665988e-01 2.467877e-01 -1.809438e-02 -2.780360e-01 -8.360838e-01 -8.345953e-01 -9.470015e-01 -1.101367e+00 -1.317897e+00 -1.336429e+00 -1.673235e+00 -1.772009e+00 -1.926564e+00 -2.083138e+00 -2.068697e+00 -2.143848e+00 -2.148284e+00 -2.060167e+00 -1.568715e+00 -1.631657e+00 -1.258113e+00 -1.092722e+00 -1.186743e+00 -1.089533e+00 -1.092822e+00 -1.014099e+00 -1.036641e+00 -1.356227e+00 -1.199758e+00 -1.469318e+00
 1.297123e+00 8.464088e-01 2.247587e-01 -1.558903e-01 -4.872236e-01 -7.805639e-01 -1.007577e+00 -9.886667e-01 -1.152292e+00 -1.490788e+00 -1.413032e+00 -1.580102e+00 -1.853754e+00 -1.781493e+00 -2.238311e+00 -2.202491e+00 -2.121437e+00 -2.222555e+00 -2.130759e+00 -1.892975e+00 -1.694609e+00 -1.395975e+00 -1.243661e+00 -1.215072e+00 -1.241984e+00 -1.170960e+00 -1.227422e+00 -1.339341e+00 -1.347233e+00 -1.399119e+00 -1.581524e+00
 1.449344e+00 8.731266e-01 3.231914e-01 -6.257171e-02 -7.229593e-01 -7.318287e-01 -7.264995e-01 -9.352502e-01 -1.166316e+00 -1.429382e+00 -1.577934e+00 -1.798962e+00 -1.758298e+00 -2.173516e+00 -2.238088e+00 -2.419284e+00 -2.249934e+00 -2.249710e+00 -2.146850e+00 -1.805514e+00 -1.640037e+00 -1.456606e+00 -1.448305e+00 -1.192719e+00 -1.278124e+00 -1.235137e+00 -1.419878e+00 -1.375324e+00 -1.449954e+00 -1.734332e+00 -1.786029e+00
 1.560006e+00 7.988489e-01 2.289871e-01 -1.952049e-01 -5.131431e-01 -7.418434e-01 -8.626456e-01 -1.097131e+00 -1.308844e+00 -1.413801e+00 -1.541874e+00 -1.780341e+00 -1.937691e+00 -2.220174e+00 -2.290581e+00 -2.288460e+00 -2.512129e+00 -2.314533e+00 -2.213209e+00 -1.959969e+00 -1.789559e+00 -1.410916e+00 -1.401587e+00 -1.278485e+00 -1.249800e+00 -1.515155e+00 -1.594947e+00 -1.363496e+00 -1.489950e+00 -1.732182e+00 -1.711503e+00
 1.695577e+00 1.261551e+00 3.748930e-01 2.996475e-02 -5.725855e-01 -7.391772e-01 -9.742385e-01 -1.111481e+00 -1.311612e+00 -1.601615e+00 -1.667112e+00 -1.764074e+00 -2.080825e+00 -2.222551e+00 -2.432125e+00 -2.429618e+00 -2.425245e+00 -2.574367e+00 -2.411814e+00 -2.063654e+00 -1.972643e+00 -1.652925e+00 -1.538936e+00 -1.507553e+00 -1.233383e+00 -1.496373e+00 -1.519662e+00 -1.807533e+00 -1.527867e+00 -1.686487e+00 -1.754477e+00
 1.835189e+00 9.614502e-01 7.014693e-01 -4.297277e-02 -6.066037e-01 -7.014558e-01 -9.233082e-01 -1.018184e+00 -1.364243e+00 -1.483363e+00 -1.451908e+00 -1.960967e+00 -2.004034e+00 -2.193092e+00 -2.473854e+00 -2.500235e+00 -2.472233e+00 -2.343448e+00 -2.273469e+00 -1.842313e+00 -1.914076e+00 -1.715062e+00 -1.570945e+00 -1.534486e+00 -1.437280e+00 -1.522993e+00 -1.520887e+00 -1.608332e+00 -1.608026e+00 -1.835513e+00 -2.019133e+00
 1.679082e+00 1.168089e+00 3.542916e-01 -8.352629e-02 -4.844668e-01 -7.508352e-01 -8.390784e-01 -1.069453e+00 -1.355654e+00 -1.462975e+00 -1.599232e+00 -1.769353e+00 -2.021612e+00 -2.276529e+00 -2.335413e+00 -2.396234e+00 -2.578927e+00 -2.487695e+00 -2.212913e+00 -2.312540e+00 -1.792557e+00 -1.695217e+00 -1.548789e+00 -1.556941e+00 -1.576045e+00 -1.545854e+00 -1.704505e+00 -1.650071e+00 -1.793819e+00 -1.938514e+00 -1.993220e+00
 1.784243e+00 1.106015e+00 4.876490e-01 -1.776884e-01 -4.814690e-01 -7.811602e-01 -1.012600e+00 -1.132084e+00 -1.174135e+00 -1.340859e+00 -1.540168e+00 -1.775118e+00 -2.038165e+00 -2.112481e+00 -2.347226e+00 -2.453409e+00 -2.380374e+00 -2.292933e+00 -2.353166e+00 -2.142155e+00 -1.974346e+00 -1.997531e+00 -1.637857e+00 -1.750080e+00 -1.541425e+00 -1.719113e+00 -1.593775e+00 -1.823256e+00 -1.944664e+00 -2.089790e+00 -1.944280e+00
 1.701228e+00 1.055643e+00 5.830384e-01 -1.562754e-01 -4.224723e-01 -8.012225e-01 -9.526245e-01 -1.028182e+00 -1.437402e+00 -1.636253e+00 -1.510499e+00 -1.775468e+00 -2.128224e+00 -2.096813e+00 -2.125388e+00 -2.489920e+00 -2.331315e+00 -2.365093e+00 -2.329583e+00 -2.012619e+00 -1.985422e+00 -1.833475e+00 -1.647001e+00 -1.679217e+00 -1.743974e+00 -1.709141e+00 -1.838358e+00 -1.702726e+00 -1.857514e+00 -1.969512e+00 -1.890168e+00
 1.666158e+00 9.401458e-01 4.940314e-01 -1.131771e-01 -4.414642e-01 -5.309882e-01 -9.659180e-01 -1.345492e+00 -1.114720e+00 -1.591467e+00 -1.505732e+00 -1.554033e+00 -1.912022e+00 -2.126163e+00 -2.258482e+00 -2.587188e+00 -2.376353e+00 -2.415800e+00 -2.316275e+00 -2.250629e+00 -1.899894e+00 -1.880965e+00 -1.562062e+00 -1.708857e+00 -1.662798e+00 -1.752957e+00 -1.787779e+00 -1.960843e+00 -1.978953e+00 -2.128238e+00 -2.008821e+00
 1.529901e+00 1.028338e+00 3.895337e-01 -5.703834e-02 -4.224930e-01 -6.900995e-01 -9.242041e-01 -9.335327e-01 -1.187547e+00 -1.133721e+00 -1.417103e+00 -1.665379e+00 -1.987926e+00 -2.044768e+00 -2.301627e+00 -2.511132e+00 -2.205944e+00 -2.657670e+00 -2.279100e+00 -2.206969e+00 -1.961093e+00 -1.854396e+00 -1.880183e+00 -1.768487e+00 -1.870464e+00 -1.894103e+00 -1.724016e+00 -1.996481e+00 -2.072071e+00 -1.982713e+00 -2.108587e+00
 1.709224e+00 9.293898e-01 6.981389e-01 -1.404238e-01 -3.741135e-01 -5.622665e-01 -8.755894e-01 -9.268652e-01 -1.130896e+00 -1.383577e+00 -1.521718e+00 -1.500604e+00 -1.705227e+00 -2.080814e+00 -2.205174e+00 -2.276850e+00 -2.150026e+00 -2.419560e+00 -2.409754e+00 -1.976746e+00 -2.195293e+00 -1.973738e+00 -1.754298e+00 -1.837492e+00 -1.792256e+00 -1.754129e+00 -1.683837e+00 -1.841484e+00 -1.989529e+00 -2.066372e+00 -2.190968e+00
 1.503761e+00 1.262278e+00 4.973817e-01 -1.053362e-02 -4.538084e-01 -6.784429e-01 -8.581841e-01 -1.009149e+00 -9.751053e-01 -1.038322e+00 -1.428880e+00 -1.713584e+00 -1.726518e+00 -2.041764e+00 -2.134017e+00 -2.117457e+00 -2.212494e+00 -2.466091e+00 -2.348605e+00 -2.103662e+00 -1.962138e+00 -2.097225e+00 -1.720243e+00 -1.467990e+00 -1.822121e+00 -1.665672e+00 -1.862006e+00 -1.949077e+00 -2.206698e+00 -2.248192e+00 -2.433881e+00
 1.517014e+00 1.175661e+00 4.440196e-01 -1.668330e-01 -4.083343e-01 -5.997152e-01 -7.953052e-01 -9.248771e-01 -1.159780e+00 -1.132859e+00 -1.404637e+00 -1.560403e+00 -1.578022e+00 -2.013366e+00 -2.001183e+00 -2.025387e+00 -2.213533e+00 -2.116451e+00 -2.131051e+00 -2.198065e+00 -2.032196e+00 -2.042850e+00 -2.157542e+00 -1.774364e+00 -1.950058e+00 -1.975260e+00 -2.056749e+00 -2.053391e+00 -2.212238e+00 -2.219685e+00 -2.264480e+00
 1.685789e+00 1.044145e+00 3.693273e-01 -1.780764e-01 -4.799923e-01 -3.740346e-01 -7.342840e-01 -7.236368e-01 -9.121353e-01 -1.068230e+00 -1.353145e+00 -1.420373e+00 -1.600835e+00 -1.724022e+00 -1.921160e+00 -2.068051e+00 -2.097580e+00 -2.261326e+00 -2.162918e+00 -2.212692e+00 -2.141074e+00 -2.002798e+00 -1.977976e+00 -1.708053e+00 -1.728901e+00 -1.964094e+00 -2.006664e+00 -1.970011e+00 -2.219910e+00 -2.034986e+00 -2.178294e+00
 1.411736e+00 9.104174e-01 4.981786e-01 -8.099577e-02 -5.878047e-01 -4.992417e-01 -5.862312e-01 -8.304232e-01 -8.081299e-01 -9.572158e-01 -1.132991e+00 -1.397924e+00 -1.604885e+00 -1.648588e+00 -1.870728e+00 -1.964032e+00 -2.066919e+00 -2.114558e+00 -2.112828e+00 -2.013166e+00 -1.973837e+00 -1.958286e+00 -1.710180e+00 -1.870057e+00 -1.655764e+00 -2.006655e+00 -2.014261e+00 -2.266113e+00 -2.250202e+00 -2.330269e+00 -2.391674e+00
 1.330636e+00 8.488350e-01 1.515811e-01 1.867719e-01 -1.710154e-01 -4.960433e-01 -6.077630e-01 -8.079512e-01 -8.604379e-01 -9.150922e-01 -1.083974e+00 -1.200634e+00 -1.528110e+00 -1.581436e+00 -1.622803e+00 -1.858573e+00 -1.979184e+00 -2.017836e+00 -2.142340e+00 -2.003728e+00 -2.030321e+00 -1.838235e+00 -1.896186e+00 -1.905451e+00 -1.929026e+00 -1.978650e+00 -1.941672e+00 -1.992164e+00 -1.944430e+00 -2.228107e+00 -2.142536e+00
 1.409197e+00 8.113481e-01 3.461388e-01 -1.101078e-02 -1.257277e-01 -5.369029e-01 -7.110294e-01 -6.189446e-01 -6.640501e-01 -9.291079e-01 -9.372035e-01 -1.088461e+00 -1.336981e+00 -1.498889e+00 -1.828479e+00 -1.802442e+00 -1.802288e+00 -1.887055e+00 -1.876419e+00 -1.940980e+00 -2.021289e+00 -1.989816e+00 -1.690341e+00 -1.830412e+00 -1.970777e+00 -1.899846e+00 -1.868861e+00 -1.982350e+00 -2.043737e+00 -2.126397e+00 -2.354450e+00
 1.307101e+00 7.169643e-01 3.101258e-01 9.400893e-02 -3.215368e-02 -3.995382e-01 -5.341175e-01 -6.770132e-01 -7.511249e-01 -8.119837e-01 -9.746174e-01 -1.146667e+00 -1.168827e+00 -1.442960e+00 -1.754099e+00 -1.798996e+00 -1.723251e+00 -1.899881e+00 -1.934022e+00 -1.946837e+00 -2.006477e+00 -1.855338e+00 -1.945814e+00 -1.681649e+00 -1.883978e+00 -1.927094e+00 -1.761034e+00 -2.048940e+00 -2.096974e+00 -2.105491e+00 -2.210758e+00
 9.688390e-01 6.505227e-01 2.922999e-01 -3.659678e-02 -2.770654e-01 -1.948709e-01 -6.733236e-01 -4.406994e-01 -5.994397e-01 -8.599574e-01 -8.185007e-01 -1.113072e+00 -1.257607e+00 -1.334410e+00 -1.406072e+00 -1.455602e+00 -1.770919e+00 -1.755305e+00 -1.871787e+00 -1.835213e+00 -1.729444e+00 -1.768366e+00 -1.920477e+00 -1.822881e+00 -1.879767e+00 -1.860285e+00 -2.040197e+00 -2.016525e+00 -2.134461e+00 -2.152548e+00 -2.284787e+00
 1.167574e+00 6.315241e-01 4.025842e-01 -1.814192e-01 -1.047874e-01 -1.033439e-01 -1.826078e-01 -4.285579e-01 -7.376462e-01 -7.869852e-01 -9.790316e-01 -8.846296e-01 -1.281352e+00 -1.170336e+00 -1.324734e+00 -1.451510e+00 -1.668125e+00 -1.769107e+00 -1.722149e+00 -1.929128e+00 -1.991604e+00 -1.807711e+00 -1.893226e+00 -1.632333e+00 -1.779932e+00 -1.698630e+00 -1.980198e+00 -1.868168e+00 -1.947766e+00 -2.088387e+00 -2.217154e+00
 8.727203e-01 5.548371e-01 2.518744e-01 -1.287080e-01 2.012774e-02 -4.671363e-01 -3.229645e-01 -5.466505e-01 -4.672617e-01 -8.392440e-01 -8.513567e-01 -8.418900e-01 -7.886152e-01 -1.208636e+00 -1.374985e+00 -1.381596e+00 -1.604550e+00 -1.803766e+00 -1.702875e+00 -1.820999e+00 -1.834429e+00 -1.875525e+00 -1.908562e+00 -1.845965e+00 -1.883917e+00 -1.920233e+00 -1.842772e+00 -2.007392e+00 -1.901619e+00 -2.253377e+00 -2.218656e+00
 7.017604e-01 5.129037e-01 1.821720e-01 2.712522e-01 9.284105e-03 -1.570006e-01 -1.768752e-01 -5.168949e-01 -3.599021e-01 -5.364683e-01 -8.283371e-01 -8.412076e-01 -7.980271e-01 -9.540258e-01 -1.090181e+00 -1.390317e+00 -1.619127e+00 -1.788106e+00 -1.545232e+00 -1.890052e+00 -1.804921e+00 -1.874441e+00 -1.819842e+00 -1.769809e+00 -1.889777e+00 -1.760830e+00 -1.865746e+00 -2.135645e+00 -1.837237e+00 -2.113428e+00 -1.984659e+00
 3.626981e-01 3.659297e-01 2.697192e-01 5.507223e-02 -9.117799e-02 -7.293450e-02 -2.522177e-01 -3.114833e-01 -3.894825e-01 -8.214318e-01 -7.138670e-01 -7.492862e-01 -6.735572e-01 -1.054198e+00 -1.130787e+00 -1.310788e+00 -1.359746e+00 -1.756439e+00 -1.898792e+00 -1.702636e+00 -1.905440e+00 -1.712975e+00 -1.775706e+00 -1.693877e+00 -1.826384e+00 -1.920817e+00 -1.946830e+00 -1.988152e+00 -1.816546e+00 -2.165271e+00 -2.244843e+00
 3.998335e-01 3.465811e-01 2.640327e-01 1.636004e-01 1.726670e-01 5.374324e-02 -1.290392e-01 -1.058737e-01 -4.745677e-01 -4.976285e-01 -7.332147e-01 -6.789618e-01 -9.432347e-01 -9.401394e-01 -1.177785e+00 -1.296283e+00 -1.331308e+00 -1.449999e+00 -1.785960e+00 -1.725572e+00 -1.957820e+00 -1.733766e+00 -1.838092e+00 -1.563896e+00 -1.686249e+00 -1.730460e+00 -1.781508e+00 -1.763818e+00 -1.998143e+00 -2.059039e+00 -2.193566e+00
 9.853175e-01 5.736297e-01 2.119190e-01 -5.462764e-01 -9.014362e-01 -1.100152e+00 -1.201949e+00 -1.196019e+00 -1.258082e+00 -1.420643e+00 -1.886104e+00 -2.059082e+00 -2.458746e+00 -2.927616e+00 -3.080563e+00 -3.566317e+00 -3.448233e+00 -3.548932e+00 -3.284956e+00 -3.063386e+00 -2.737952e+00 -2.539365e+00 -2.183070e+00 -1.941601e+00 -1.533975e+00 -1.217776e+00 -8.850616e-01 -5.894889e-01 -3.022378e-01 -4.710062e-02 -2.195597e-01
 1.127557e+00 5.905023e-01 7.670985e-02 -3.706982e-01 -7.820488e-01 -1.006355e+00 -1.011226e+00 -1.166216e+00 -1.265300e+00 -1.261748e+00 -1.788364e+00 -2.238171e+00 -2.407718e+00 -2.755878e+00 -3.206682e+00 -3.383029e+00 -3.417649e+00 -3.427625e+00 -3.377794e+00 -2.827176e+00 -2.707900e+00 -2.415614e+00 -2.275374e+00 -1.940787e+00 -1.585795e+00 -1.035515e+00 -7.379006e-01 -3.520638e-01 -3.944170e-01 1.384191e-01 -5.421842e-03
 1.125071e+00 6.695095e-01 1.467413e-01 -3.386275e-01 -9.269692e-01 -1.015932e+00 -1.211019e+00 -1.156848e+00 -1.353038e+00 -1.264023e+00 -1.498650e+00 -1.766569e+00 -2.375162e+00 -2.861509e+00 -3.037197e+00 -3.185193e+00 -3.407291e+00 -3.214150e+00 -3.286640e+00 -2.815634e+00 -2.738235e+00 -2.569481e+00 -1.977064e+00 -1.811214e+00 -1.622640e+00 -1.161711e+00 -6.721360e-01 -5.341309e-01 -3.266294e-01 -1.428483e-01 -7.487059e-02
 9.747819e-01 6.611095e-01 3.770425e-02 -4.814558e-01 -7.922856e-01 -1.010420e+00 -1.142257e+00 -1.209651e+00 -1.164554e+00 -1.414953e+00 -1.719471e+00 -1.990702e+00 -2.395250e+00 -2.740706e+00 -3.122898e+00 -3.127227e+00 -3.210388e+00 -3.118595e+00 -2.949557e+00 -2.722156e+00 -2.388283e+00 -2.219072e+00 -1.995214e+00 -1.696351e+00 -1.439162e+00 -1.078242e+00 -5.889433e-01 -3.630091e-01 -1.530811e-01 2.472867e-02 1.471052e-01
 6.942987e-01 2.860920e-01 -6.861206e-02 -5.471513e-01 -9.926244e-01 -9.182900e-01 -1.076536e+00 -1.205334e+00 -1.152306e+00 -1.429724e+00 -1.719831e+00 -2.043961e+00 -2.456490e+00 -2.793514e+00 -3.020052e+00 -3.118879e+00 -3.276003e+00 -3.262948e+00 -2.841713e+00 -2.795940e+00 -2.515529e+00 -2.033156e+00 -1.819369e+00 -1.643111e+00 -1.394256e+00 -1.277158e+00 -5.742593e-01 -3.720897e-01 -2.166244e-01 7.750100e-03 1.751606e-01
 6.054319e-01 1.654680e-01 -7.922572e-02 -4.356893e-01 -8.288019e-01 -8.819354e-01 -1.105717e+00 -1.127774e+00 -1.187155e+00 -1.482233e+00 -1.596143e+00 -2.108073e+00 -2.497121e+00 -2.688378e+00 -3.018656e+00 -3.143050e+00 -3.181671e+00 -2.997914e+00 -2.803935e+00 -2.609808e+00 -2.333970e+00 -2.155819e+00 -1.720914e+00 -1.568668e+00 -1.150439e+00 -9.168015e-01 -6.151307e-01 -3.768287e-01 2.033111e-01 3.055605e-01 4.568367e-01
 6.514182e-01 1.412388e-01 -1.930538e-01 -5.804084e-01 -6.126112e-01 -8.367543e-01 -1.046555e+00 -1.072436e+00 -1.265297e+00 -1.443537e+00 -1.646453e+00 -2.172345e+00 -2.334530e+00 -2.748761e+00 -3.021671e+00 -3.157557e+00 -3.151496e+00 -2.776005e+00 -2.652667e+00 -2.510436e+00 -2.199830e+00 -2.033056e+00 -1.830677e+00 -1.451637e+00 -1.173056e+00 -8.523780e-01 -4.867477e-01 -2.830990e-02 -5.211184e-02 3.687500e-01 4.494330e-01
 6.946985e-01 2.576835e-01 -1.552236e-01 -5.298842e-01 -6.471507e-01 -1.000622e+00 -1.030306e+00 -1.072073e+00 -1.213021e+00 -1.442336e+00 -1.828067e+00 -2.227357e+00 -2.521331e+00 -2.659396e+00 -3.016993e+00 -3.065908e+00 -3.017260e+00 -2.833548e+00 -2.644147e+00 -2.394439e+00 -2.161255e+00 -1.726124e+00 -1.780701e+00 -1.344301e+00 -1.163240e+00 -7.771110e-01 -4.293194e-01 1.149589e-03 3.240219e-01 3.265895e-01 5.817906e-01
 5.283671e-01 1.845579e-01 -6.138654e-02 -3.244999e-01 -8.718766e-01 -9.504064e-01 -9.535598e-01 -1.144997e+00 -1.220318e+00 -1.462813e+00 -1.696216e+00 -2.205310e+00 -2.679104e+00 -2.676212e+00 -3.015450e+00 -2.912350e+00 -3.137240e+00 -2.770473e+00 -2.499736e+00 -2.209242e+00 -1.916920e+00 -1.886570e+00 -1.488837e+00 -1.235474e+00 -1.118183e+00 -5.803175e-01 -1.266490e-01 2.990985e-03 2.749347e-01 3.908705e-01 7.835492e-01
 5.581118e-01 3.247405e-02 -1.051806e-01 -5.475384e-01 -8.709040e-01 -8.811577e-01 -9.113919e-01 -1.042964e+00 -1.246747e+00 -1.413289e+00 -1.680194e+00 -2.035154e+00 -2.459580e+00 -2.681708e+00 -2.856102e+00 -2.930628e+00 -2.979839e+00 -2.556778e+00 -2.420783e+00 -2.105244e+00 -1.828376e+00 -1.560041e+00 -1.364144e+00 -1.298254e+00 -9.150000e-01 -5.626018e-01 -2.446509e-01 2.544117e-02 4.616979e-01 3.559588e-01 8.369388e-01
 5.702063e-01 1.102236e-01 -2.761463e-01 -4.526115e-01 -6.810301e-01 -7.970028e-01 -8.268926e-01 -1.052257e+00 -1.193576e+00 -1.349609e+00 -1.544488e+00 -2.066726e+00 -2.495601e+00 -2.735666e+00 -2.893559e+00 -3.088745e+00 -2.848011e+00 -2.430596e+00 -2.295201e+00 -2.240784e+00 -1.797661e+00 -1.486122e+00 -1.271001e+00 -8.647260e-01 -7.534285e-01 -5.132927e-01 -1.655211e-01 1.324278e-01 5.307678e-01 6.916722e-01 7.384685e-01
 5.705932e-01 3.012427e-01 -1.029382e-01 -3.818419e-01 -7.464553e-01 -6.579941e-01 -8.718390e-01 -1.129098e+00 -1.308622e+00 -1.514152e+00 -1.940203e+00 -2.111131e+00 -2.416989e+00 -2.613931e+00 -2.911797e+00 -3.051849e+00 -2.637517e+00 -2.429106e+00 -2.240487e+00 -1.899324e+00 -1.617829e+00 -1.365410e+00 -1.177875e+00 -7.908352e-01 -5.782251e-01 -3.140989e-01 -1.991639e-01 2.161824e-01 5.907896e-01 7.729534e-01 9.299215e-01
 4.346069e-01 1.955271e-01 -1.455104e-01 -4.567564e-01 -4.221095e-01 -7.916498e-01 -8.745124e-01 -1.000243e+00 -1.013438e+00 -1.612729e+00 -1.745371e+00 -2.091934e+00 -2.469176e+00 -2.737997e+00 -2.941786e+00 -2.856173e+00 -2.712585e+00 -2.543866e+00 -2.156516e+00 -1.934590e+00 -1.293186e+00 -1.107407e+00 -9.522056e-01 -7.562003e-01 -4.319966e-01 -2.793405e-01 1.376314e-01 2.754677e-01 7.634633e-01 7.919063e-01 1.042326e+00
 6.016796e-01 3.058959e-01 -1.327648e-01 -2.420483e-01 -4.144562e-01 -7.461649e-01 -7.104855e-01 -9.953019e-01 -1.170864e+00 -1.520817e+00 -2.040778e+00 -2.059903e+00 -2.455235e+00 -2.668479e+00 -2.481479e+00 -2.832314e+00 -2.525039e+00 -2.297842e+00 -1.961486e+00 -1.622656e+00 -1.477981e+00 -1.221969e+00 -6.860391e-01 -5.865487e-01 -2.123897e-01 -1.018601e-01 3.198834e-01 2.772582e-01 6.335829e-01 9.556719e-01 1.007085e+00
 4.265762e-01 1.959613e-01 -6.619032e-03 -3.294972e-01 -5.071866e-01 -5.498771e-01 -8.569100e-01 -1.040899e+00 -1.281665e+00 -1.242707e+00 -1.561225e+00 -1.911827e+00 -2.513674e+00 -2.530849e+00 -2.805250e+00 -2.946188e+00 -2.600590e+00 -2.286108e+00 -1.874459e+00 -1.496561e+00 -1.267849e+00 -1.051409e+00 -6.741250e-01 -6.454620e-01 1.862680e-02 4.274168e-02 5.094051e-01 7.257857e-01 8.709485e-01 8.633915e-01 1.228317e+00
 5.358769e-01 1.872113e-01 -7.178619e-02 -3.404378e-01 -4.434967e-01 -7.032015e-01 -6.552763e-01 -8.949536e-01 -9.139660e-01 -1.467298e+00 -1.656969e+00 -1.996679e+00 -2.039989e+00 -2.554211e+00 -2.649500e+00 -2.702578e+00 -2.264657e+00 -2.237452e+00 -1.995248e+00 -1.499501e+00 -1.176152e+00 -9.182357e-01 -6.118019e-01 -3.711524e-01 -4.708956e-02 1.257110e-01 4.281397e-01 7.078683e-01 1.087023e+00 1.068405e+00 1.290429e+00
 5.440668e-01 5.160727e-01 5.732626e-02 -2.401111e-01 -2.320773e-01 -3.330427e-01 -7.430582e-01 -8.668493e-01 -1.117368e+00 -1.265147e+00 -1.783006e+00 -2.073433e+00 -2.334141e+00 -2.482734e+00 -2.485970e+00 -2.527253e+00 -2.375587e+00 -2.318427e+00 -1.835893e+00 -1.437018e+00 -9.976904e-01 -4.817127e-01 -2.595897e-01 2.315170e-02 9.526168e-02 2.795661e-01 6.803397e-01 7.516247e-01 1.103902e+00 1.260017e+00 1.427571e+00
 7.288468e-01 3.522748e-01 1.051409e-01 -3.219818e-02 -2.331039e-01 -3.617142e-01 -5.751287e-01 -9.739121e-01 -9.073591e-01 -1.243902e+00 -1.449337e+00 -1.962864e+00 -2.200913e+00 -2.379847e+00 -2.482215e+00 -2.417904e+00 -2.221370e+00 -2.076523e+00 -1.590607e+00 -1.266477e+00 -7.352255e-01 -6.682653e-01 -2.714529e-02 -6.456201e-03 1.840997e-01 4.663009e-01 6.993987e-01 8.304857e-01 1.100262e+00 1.225541e+00 1.372542e+00
 6.921950e-01 4.014505e-01 2.793888e-02 -1.143649e-01 -1.432830e-01 -3.589907e-01 -4.145894e-01 -6.577622e-01 -8.152124e-01 -1.006201e+00 -1.521459e+00 -1.952982e+00 -2.086119e+00 -2.305841e+00 -2.491143e+00 -2.351466e+00 -2.202973e+00 -1.798392e+00 -1.378554e+00 -1.139634e+00 -8.678009e-01 -4.050962e-01 -1.331758e-01 3.909373e-01 4.506865e-01 7.435515e-01 8.498892e-01 7.507903e-01 9.994435e-01 1.314568e+00 1.511649e+00
 7.515236e-01 4.401474e-01 2.084174e-01 -1.463912e-01 -1.595680e-01 -2.383902e-01 -5.887835e-01 -5.909972e-01 -7.980013e-01 -1.237132e+00 -1.652486e+00 -1.618511e+00 -1.986813e+00 -2.205962e+00 -2.266451e+00 -2.328875e+00 -2.177952e+00 -1.782478e+00 -1.589363e+00 -9.009662e-01 -6.126654e-01 -3.265290e-01 2.302027e-01 2.674995e-01 6.150859e-01 6.875626e-01 8.171033e-01 8.724434e-01 1.037630e+00 1.165288e+00 1.344471e+00
 8.524532e-01 5.228285e-01 2.378862e-01 1.679683e-01 -1.283085e-01 -2.272800e-01 -3.185612e-01 -6.016830e-01 -6.344702e-01 -1.316514e+00 -1.326095e+00 -1.587806e+00 -1.924773e+00 -1.864756e+00 -2.089461e+00 -2.076442e+00 -2.126933e+00 -1.871868e+00 -1.170549e+00 -9.144138e-01 -3.955107e-01 -1.124856e-01 1.907040e-01 5.376727e-01 4.198674e-01 8.514616e-01 8.986937e-01 1.010283e+00 1.176689e+00 1.260938e+00 1.383998e+00
 8.793113e-01 6.097656e-01 4.697745e-01 1.332663e-01 -3.538601e-02 -8.217110e-02 -2.372639e-01 -6.522880e-01 -5.318451e-01 -9.490168e-01 -1.165230e+00 -1.673405e+00 -1.618631e+00 -2.061448e+00 -2.211841e+00 -2.039354e+00 -1.819748e+00 -1.682341e+00 -1.052922e+00 -9.184334e-01 -4.997318e-01 -2.335643e-02 3.726228e-01 6.758549e-01 6.716692e-01 7.933803e-01 9.659846e-01 9.715692e-01 1.231760e+00 1.312799e+00 1.336888e+00
 7.977752e-01 7.988555e-01 4.916593e-01 1.682142e-01 -1.321939e-02 -1.060285e-01 -3.801962e-01 -2.864387e-01 -7.096457e-01 -8.206218e-01 -1.068400e+00 -1.559518e+00 -1.600496e+00 -1.767970e+00 -2.060905e+00 -1.857840e+00 -1.899150e+00 -1.556218e+00 -1.259522e+00 -6.854300e-01 -2.521503e-01 1.104450e-01 5.615165e-01 7.565250e-01 8.235471e-01 9.475076e-01 1.149753e+00 1.143825e+00 1.172091e+00 1.403033e+00 1.218124e+00
 8.851078e-01 6.526263e-01 4.633696e-01 4.516193e-01 1.243392e-01 9.950627e-02 -2.255794e-01 -4.280854e-01 -3.690162e-01 -8.108374e-01 -1.166081e+00 -1.387707e+00 -1.494260e+00 -1.683331e+00 -1.910191e+00 -1.741022e+00 -1.761547e+00 -1.421284e+00 -1.045747e+00 -7.196448e-01 -1.972753e-01 2.375922e-01 8.222877e-01 8.355062e-01 8.685395e-01 1.022262e+00 1.013426e+00 1.084773e+00 1.163034e+00 1.097985e+00 1.399765e+00
 1.059829e+00 8.566943e-01 5.751755e-01 3.784491e-01 1.668570e-01 1.939680e-04 -1.223558e-02 -3.771438e-01 -5.558228e-01 -8.256495e-01 -1.071664e+00 -1.104738e+00 -1.443760e+00 -1.624275e+00 -1.574338e+00 -1.756057e+00 -1.559991e+00 -1.546390e+00 -9.173096e-01 -6.578514e-01 -3.893457e-02 1.685386e-01 5.108582e-01 8.129011e-01 1.065890e+00 9.050477e-01 1.125400e+00 1.134790e+00 1.155614e+00 1.258249e+00 1.169309e+00
 1.143062e+00 9.230962e-01 4.192653e-01 5.940312e-01 2.934150e-01 -3.693256e-02 -3.921778e-02 -2.309438e-01 -5.397730e-01 -4.944265e-01 -9.243298e-01 -1.054685e+00 -1.377369e+00 -1.656289e+00 -1.666593e+00 -1.671169e+00 -1.323047e+00 -1.229018e+00 -1.130584e+00 -4.610449e-01 -3.599506e-02 3.915797e-01 6.582392e-01 7.962465e-01 9.713227e-01 9.731566e-01 1.079630e+00 9.239343e-01 9.085638e-01 1.048400e+00 1.191838e+00
 9.607385e-01 9.635540e-01 5.362653e-01 5.458512e-01 3.751392e-01 2.047528e-01 1.160448e-01 -3.015039e-01 -6.183008e-01 -6.780311e-01 -7.462891e-01 -1.091717e+00 -1.310877e+00 -1.386583e+00 -1.747771e+00 -1.548810e+00 -1.393216e+00 -1.077169e+00 -9.647517e-01 -3.347158e-01 7.837753e-05 3.341709e-01 7.279733e-01 8.475263e-01 9.936396e-01 9.243992e-01 8.408508e-01 7.778367e-01 8.127147e-01 1.069721e+00 1.198408e+00
 1.305468e+00 9.013312e-01 6.185089e-01 5.502663e-01 3.956439e-01 2.750916e-01 2.105917e-02 -7.870049e-02 -4.722963e-01 -4.937677e-01 -6.954333e-01 -1.097790e+00 -1.286238e+00 -1.135639e+00 -1.538690e+00 -1.378079e+00 -1.220455e+00 -1.090562e+00 -6.106318e-01 -4.182016e-01 -1.250120e-02 4.321930e-01 7.395503e-01 6.306181e-01 9.492999e-01 8.842809e-01 9.447031e-01 7.059563e-01 8.215323e-01 8.434195e-01 1.208879e+00
 1.206897e+00 9.199573e-01 9.836849e-01 5.096852e-01 5.601652e-01 3.199346e-01 -8.895900e-02 -1.260526e-01 -3.883107e-01 -5.280240e-01 -8.078292e-01 -8.797032e-01 -1.099574e+00 -1.235477e+00 -1.343940e+00 -1.412183e+00 -9.744559e-01 -8.936882e-01 -5.643669e-01 -1.879245e-01 1.275023e-01 3.704968e-01 6.894003e-01 7.347547e-01 6.516504e-01 8.026749e-01 5.552735e-01 5.073472e-01 6.083132e-01 6.088468e-01 8.893372e-01
 1.392805e+00 1.219920e+00 8.696065e-01 6.083587e-01 4.323740e-01 3.384586e-01 1.373855e-01 -6.795780e-02 -2.102934e-01 -4.502965e-01 -5.391922e-01 -7.161571e-01 -1.064603e+00 -1.175244e+00 -1.292055e+00 -1.196663e+00 -1.153400e+00 -9.161803e-01 -6.316376e-01 -3.116935e-01 1.562827e-01 3.721250e-01 5.507768e-01 5.235722e-01 7.762666e-01 5.721683e-01 6.479058e-01 5.635797e-01 6.406434e-01 7.025271e-01 1.042445e+00
 1.260016e+00 8.585838e-01 8.774237e-01 6.594882e-01 5.672366e-01 3.153748e-01 -7.843826e-02 -9.311172e-02 -2.245082e-01 -3.742310e-01 -7.162748e-01 -9.074442e-01 -8.952428e-01 -1.075125e+00 -1.224146e+00 -1.129530e+00 -9.124455e-01 -9.574110e-01 -4.697156e-01 -1.441346e-01 -8.080871e-02 1.986877e-01 3.927148e-01 5.526837e-01 5.630667e-01 3.701478e-01 5.681033e-01 3.691719e-01 5.392510e-01 6.203004e-01 8.068072e-01
 -4.139443e-01 -4.332264e-01 -9.096400e-01 -9.209349e-01 -1.137130e+00 -1.433890e+00 -1.695438e+00 -1.954002e+00 -1.967945e+00 -1.966805e+00 -2.133646e+00 -1.982646e+00 -1.504851e+00 -1.242626e+00 -2.891090e-01 1.165884e-02 8.888708e-01 1.283597e+00 1.563127e+00 2.070324e+00 1.756283e+00 1.922482e+00 1.853849e+00 1.531243e+00 1.310340e+00 1.214167e+00 8.050430e-01 6.631688e-01 8.532085e-01 1.036217e+00 1.091138e+00
 -2.605138e-01 -5.320270e-01 -7.109361e-01 -1.215353e+00 -1.334115e+00 -1.396600e+00 -1.484456e+00 -1.457591e+00 -2.036891e+00 -2.093758e+00 -1.875521e+00 -1.811083e+00 -1.488528e+00 -1.020799e+00 -3.528474e-01 3.263836e-01 7.441719e-01 1.147565e+00 1.550379e+00 1.716690e+00 1.709209e+00 1.990238e+00 1.700566e+00 1.464884e+00 1.321449e+00 1.042873e+00 7.720781e-01 9.135779e-01 7.779945e-01 1.024037e+00 1.225549e+00
 -3.341054e-01 -7.486166e-01 -9.227591e-01 -9.155299e-01 -1.256172e+00 -1.127415e+00 -1.469372e+00 -1.434842e+00 -1.608946e+00 -1.801109e+00 -1.566300e+00 -1.585788e+00 -1.409862e+00 -9.396202e-01 -5.115296e-01 1.071040e-01 7.149006e-01 1.136751e+00 1.432934e+00 1.448500e+00 1.983334e+00 1.773088e+00 1.666581e+00 1.372138e+00 1.186316e+00 1.074604e+00 6.917386e-01 7.290297e-01 7.973717e-01 1.065189e+00 1.129737e+00
 -2.539285e-01 -6.496255e-01 -6.527503e-01 -1.022574e+00 -1.101456e+00 -1.076038e+00 -1.148557e+00 -1.240427e+00 -1.358079e+00 -1.578350e+00 -1.681461e+00 -1.616642e+00 -1.360257e+00 -1.000576e+00 -4.488140e-01 5.872483e-02 5.990279e-01 1.044578e+00 1.299579e+00 1.398312e+00 1.885012e+00 1.724194e+00 1.556913e+00 1.419589e+00 1.184620e+00 8.693002e-01 6.508036e-01 6.570816e-01 7.972967e-01 9.354145e-01 1.187700e+00
 -3.109755e-01 -3.417321e-01 -9.509409e-01 -8.718343e-01 -8.981295e-01 -1.133303e+00 -1.118504e+00 -1.140059e+00 -1.403565e+00 -1.286361e+00 -1.335656e+00 -1.298249e+00 -1.131946e+00 -7.472759e-01 -4.703194e-01 -5.757405e-02 3.881178e-01 7.367862e-01 1.307462e+00 1.296261e+00 1.407522e+00 1.455893e+00 1.384685e+00 1.111471e+00 9.405992e-01 9.962977e-01 8.362666e-01 7.369225e-01 8.607052e-01 9.852132e-01 1.133159e+00
 -3.542752e-01 -4.878417e-01 -7.645096e-01 -7.999819e-01 -8.626378e-01 -7.604136e-01 -9.912257e-01 -8.831530e-01 -9.145530e-01 -1.182354e+00 -1.155738e+00 -1.202918e+00 -1.019854e+00 -9.493488e-01 -4.277811e-01 -7.864651e-02 3.759251e-01 7.799994e-01 8.741903e-01 1.131171e+00 1.155152e+00 1.355838e+00 1.220929e+00 1.170260e+00 7.383330e-01 8.662152e-01 7.989115e-01 7.339914e-01 9.384297e-01 1.025128e+00 1.210240e+00
 6.746966e-02 -5.460977e-01 -6.046873e-01 -8.998890e-01 -8.902088e-01 -8.258960e-01 -6.163949e-01 -8.905927e-01 -7.098194e-01 -8.312896e-01 -1.115378e+00 -1.071701e+00 -1.066443e+00 -5.880256e-01 -4.532229e-01 -1.979375e-01 2.839565e-01 5.579249e-01 6.213001e-01 9.053792e-01 1.139220e+00 1.115469e+00 1.114528e+00 9.042427e-01 1.143932e+00 7.012694e-01 6.650491e-01 7.645741e-01 8.198924e-01 1.136127e+00 1.404300e+00
 -2.353883e-01 -4.904124e-01 -5.774770e-01 -7.135634e-01 -8.177489e-01 -6.444101e-01 -6.941543e-01 -5.541378e-01 -8.102664e-01 -7.128163e-01 -8.315567e-01 -9.915629e-01 -7.538537e-01 -5.722718e-01 -5.279869e-01 -1.458723e-01 9.339780e-02 2.124504e-01 6.186511e-01 7.919300e-01 8.955609e-01 9.714134e-01 9.530868e-01 9.604360e-01 8.176431e-01 6.152102e-01 8.470174e-01 9.781725e-01 1.060635e+00 1.177453e+00 1.257627e+00
 6.946983e-02 -4.317798e-01 -4.728250e-01 -6.339721e-01 -7.531488e-01 -5.914821e-01 -3.383760e-01 -2.972874e-01 -3.358066e-01 -4.813203e-01 -5.312057e-01 -6.063224e-01 -5.649581e-01 -5.116827e-01 -2.310124e-01 -3.050996e-01 1.449988e-01 2.627276e-01 3.976613e-01 6.502934e-01 6.856008e-01 8.661172e-01 8.268634e-01 5.693549e-01 6.752201e-01 6.944748e-01 6.184692e-01 7.698144e-01 9.339390e-01 1.093128e+00 1.461228e+00
 -5.189617e-02 -3.076006e-01 -4.754458e-01 -5.568769e-01 -5.193246e-01 -5.067070e-01 -1.917563e-01 -1.097632e-01 -2.257967e-01 -3.168728e-01 -1.885828e-01 -4.331209e-01 -4.101625e-01 -1.541502e-01 -4.025576e-01 -1.518235e-01 -8.162027e-02 8.447339e-02 2.704174e-01 4.033254e-01 6.206156e-01 5.242859e-01 7.026841e-01 6.310822e-01 7.201453e-01 7.240395e-01 6.238605e-01 1.050598e+00 1.110983e+00 1.129210e+00 1.198541e+00
 2.644630e-02 -2.474909e-01 -4.584145e-01 -6.583225e-01 -4.823018e-01 -2.606128e-01 -3.502857e-02 -2.899993e-02 6.197935e-02 -1.382482e-02 -2.470544e-01 -3.303454e-01 -4.399452e-01 -2.468758e-01 -3.023885e-01 -2.210196e-01 -1.935742e-01 -6.057200e-02 3.952222e-02 2.909905e-01 3.314601e-01 4.633268e-01 5.242239e-01 6.663097e-01 6.416114e-01 7.319458e-01 7.145942e-01 1.120907e+00 1.144001e+00 1.283221e+00 1.303428e+00
 2.360232e-01 -2.990710e-01 -3.308827e-01 -5.273767e-01 -9.052812e-02 -6.682861e-02 1.040937e-01 2.346428e-01 1.662283e-01 2.179265e-01 8.973557e-02 -9.860450e-03 -1.614527e-01 8.508669e-02 -2.278446e-01 -1.345945e-01 -1.803909e-01 -4.161627e-02 4.478350e-02 9.645261e-02 3.327811e-02 4.059978e-01 4.017009e-01 6.057540e-01 5.356732e-01 7.664169e-01 1.007199e+00 1.064064e+00 1.189032e+00 1.253237e+00 1.545775e+00
 1.222008e-01 -6.455547e-02 -2.169493e-01 -3.984849e-01 -4.252756e-02 5.515120e-02 2.543793e-01 3.193797e-01 5.365384e-01 4.512515e-01 3.808777e-01 -1.847792e-01 2.836038e-02 4.349989e-02 -1.051340e-01 -2.986852e-01 -2.577866e-01 -1.512490e-01 -2.014060e-02 -8.287109e-02 -1.518028e-01 1.472325e-02 3.500685e-01 4.352463e-01 4.618304e-01 8.593704e-01 8.827800e-01 8.385777e-01 1.153129e+00 1.201664e+00 1.455587e+00
 4.825175e-01 -2.235044e-02 -1.253282e-01 -1.427365e-01 -2.828120e-01 2.694482e-01 3.492119e-01 5.630781e-01 7.323933e-01 6.176315e-01 6.197608e-01 2.055130e-01 2.046791e-01 1.489160e-01 -1.545277e-01 -1.283164e-01 -2.003417e-01 -3.432658e-01 -2.609202e-01 -1.548009e-01 -1.098163e-01 -1.532538e-02 2.596267e-01 3.195750e-01 3.429034e-01 6.884402e-01 8.721571e-01 1.136454e+00 1.313898e+00 1.230388e+00 1.541616e+00
 3.813678e-01 3.118476e-02 -5.163024e-02 1.005023e-01 2.054238e-01 4.094338e-01 5.905822e-01 7.501601e-01 6.943107e-01 7.856657e-01 7.220953e-01 7.139276e-01 4.311133e-01 1.168209e-01 5.749775e-02 1.896684e-02 -2.890325e-01 -4.145859e-01 -3.278318e-01 -4.328171e-01 -2.878511e-01 1.661230e-02 6.318639e-02 2.832950e-01 5.862825e-01 9.819627e-01 8.353784e-01 1.010281e+00 1.311335e+00 1.387489e+00 1.291154e+00
 6.381137e-01 4.527702e-01 3.404558e-01 1.706163e-01 3.231731e-01 5.364894e-01 7.572818e-01 1.054625e+00 8.522199e-01 9.958530e-01 8.906819e-01 7.102926e-01 5.867642e-01 3.301394e-01 2.295325e-01 7.088465e-02 -8.552417e-03 -4.008282e-01 -4.574991e-01 -5.339573e-01 -3.291830e-01 -1.426581e-01 7.278741e-02 6.215034e-02 4.438022e-01 5.485141e-01 8.946256e-01 1.231185e+00 1.289406e+00 1.772427e+00 1.656852e+00
 7.194586e-01 3.603706e-01 3.426309e-01 2.378871e-01 4.290743e-01 5.653988e-01 9.885073e-01 9.355431e-01 1.205265e+00 1.085802e+00 9.585092e-01 9.002012e-01 7.783442e-01 3.921895e-01 2.409008e-01 9.562197e-02 -1.238286e-01 -3.990269e-01 -3.154636e-01 -6.222353e-01 -4.121641e-01 -2.915972e-01 -9.525032e-02 6.253696e-02 3.033849e-01 8.701491e-01 1.142274e+00 1.117475e+00 1.429037e+00 1.598055e+00 1.580485e+00
 7.436386e-01 6.416349e-01 6.012172e-01 4.968856e-01 7.188499e-01 8.186431e-01 9.060671e-01 1.063213e+00 1.185893e+00 1.324158e+00 8.853391e-01 1.136591e+00 8.918663e-01 6.897554e-01 4.952104e-01 2.668506e-01 -1.874857e-01 -2.234750e-01 -3.777362e-01 -5.451914e-01 -4.365987e-01 -5.615889e-01 -9.569769e-02 2.242507e-01 3.713516e-01 8.303850e-01 9.781382e-01 1.352139e+00 1.486414e+00 1.725214e+00 1.455184e+00
 8.658338e-01 9.182471e-01 5.163684e-01 6.775013e-01 7.448518e-01 9.324881e-01 1.145285e+00 1.526401e+00 1.179638e+00 1.477738e+00 1.210455e+00 1.259297e+00 9.220186e-01 7.098988e-01 4.795820e-01 2.116657e-01 -7.327489e-02 -3.094044e-01 -3.801663e-01 -5.166319e-01 -4.610626e-01 -5.236976e-01 -2.537323e-01 1.405570e-01 4.708513e-01 8.244282e-01 1.208201e+00 1.471931e+00 1.640939e+00 1.499600e+00 1.531524e+00
 1.209674e+00 9.150110e-01 8.576406e-01 6.704956e-01 7.783289e-01 9.921247e-01 1.263580e+00 1.394807e+00 1.438106e+00 1.465489e+00 1.308620e+00 1.108271e+00 9.426812e-01 1.088446e+00 7.551622e-01 4.459311e-01 1.330077e-01 -1.611106e-01 -1.608785e-01 -4.586696e-01 -3.473851e-01 -4.175672e-01 -2.615770e-01 2.497566e-02 3.060395e-01 8.614042e-01 1.291121e+00 1.496836e+00 1.415887e+00 1.644505e+00 1.742640e+00
 1.435953e+00 1.163761e+00 8.358833e-01 1.047447e+00 1.140268e+00 1.068788e+00 1.276279e+00 1.239396e+00 1.662608e+00 1.600782e+00 1.529028e+00 1.406032e+00 1.341862e+00 1.045167e+00 9.443284e-01 4.726532e-01 3.941223e-01 -2.377919e-03 -3.621652e-01 -5.017417e-01 -4.862040e-01 -3.129083e-01 -2.377508e-01 3.981016e-02 3.787075e-01 9.670873e-01 1.268515e+00 1.713425e+00 1.905499e+00 1.813223e+00 1.595368e+00
 1.432586e+00 1.193789e+00 1.176735e+00 1.009347e+00 1.287365e+00 1.206329e+00 1.490565e+00 1.505533e+00 1.474621e+00 1.570693e+00 1.634941e+00 1.467811e+00 1.366698e+00 1.351828e+00 1.058640e+00 7.050018e-01 4.922089e-01 2.677448e-01 -7.351292e-02 -3.543807e-01 -4.487060e-01 -5.422963e-01 -1.193725e-01 2.414524e-02 5.471649e-01 8.810819e-01 1.201330e+00 1.741987e+00 1.900240e+00 1.524017e+00 1.719402e+00
 1.366891e+00 1.421022e+00 1.071681e+00 1.144359e+00 1.217213e+00 1.277996e+00 1.619609e+00 1.729666e+00 1.649258e+00 1.665965e+00 1.584262e+00 1.564062e+00 1.561093e+00 1.446454e+00 1.130125e+00 9.142709e-01 6.520718e-01 2.786426e-01 -4.139157e-02 -1.488565e-01 -2.955115e-01 -5.081582e-01 -1.044974e-01 1.349334e-01 6.296974e-01 9.452201e-01 1.412761e+00 1.796254e+00 1.937298e+00 2.023522e+00 1.834229e+00
 1.498277e+00 1.240406e+00 1.279325e+00 1.332512e+00 1.406145e+00 1.326100e+00 1.630649e+00 1.618635e+00 1.608278e+00 1.461978e+00 1.769205e+00 1.672675e+00 1.333667e+00 1.750820e+00 1.162436e+00 1.030563e+00 5.906871e-01 4.619386e-01 2.418940e-01 -7.758099e-02 -3.015433e-01 -2.980807e-01 -1.956859e-01 1.714148e-01 5.469698e-01 1.131647e+00 1.482156e+00 1.756928e+00 1.942722e+00 1.900242e+00 1.848224e+00
 1.399868e+00 1.699391e+00 1.231627e+00 1.453485e+00 1.558363e+00 1.534982e+00 1.691565e+00 1.787689e+00 1.637193e+00 1.713559e+00 1.819725e+00 1.948236e+00 1.564913e+00 1.610533e+00 1.627868e+00 1.154238e+00 1.105835e+00 5.892731e-01 3.802730e-01 -4.633786e-02 -1.339516e-01 -1.688962e-01 -1.507139e-01 1.179931e-01 7.055969e-01 1.189957e+00 1.467502e+00 1.720756e+00 2.166304e+00 2.144322e+00 1.807710e+00
 1.862951e+00 1.677337e+00 1.307311e+00 1.402349e+00 1.685389e+00 1.454824e+00 1.670846e+00 1.590190e+00 1.579750e+00 1.724630e+00 1.598255e+00 1.621765e+00 1.498569e+00 1.591781e+00 1.737070e+00 1.486059e+00 1.262854e+00 8.789129e-01 5.989320e-01 8.190610e-02 6.500300e-02 -8.740340e-02 -9.767789e-02 4.104917e-01 6.064948e-01 1.097668e+00 1.544909e+00 2.005865e+00 2.128447e+00 2.121078e+00 2.154863e+00
 1.714313e+00 1.474772e+00 1.466320e+00 1.453441e+00 1.592812e+00 1.636807e+00 1.464765e+00 1.825411e+00 1.630684e+00 1.729536e+00 1.671087e+00 1.610741e+00 1.870954e+00 1.911471e+00 1.652415e+00 1.586011e+00 1.349450e+00 1.120390e+00 6.828751e-01 5.506390e-01 -2.408640e-02 2.560606e-01 2.074996e-01 4.675644e-01 5.245457e-01 1.152337e+00 1.676456e+00 1.999748e+00 2.058899e+00 2.129273e+00 2.045545e+00
 1.749430e+00 1.680088e+00 1.664847e+00 1.407721e+00 1.570620e+00 1.579653e+00 1.606835e+00 1.559175e+00 1.780541e+00 1.696389e+00 1.562602e+00 1.743673e+00 2.005880e+00 2.032100e+00 2.042667e+00 1.451679e+00 1.702978e+00 1.288010e+00 9.257370e-01 6.766538e-01 3.789835e-01 3.107195e-01 2.963528e-01 5.732170e-01 7.040471e-01 1.270681e+00 1.461995e+00 2.016246e+00 2.274532e+00 2.059809e+00 2.222721e+00
 1.848275e+00 1.944696e+00 1.694744e+00 1.559949e+00 1.515761e+00 1.395951e+00 1.679011e+00 1.640727e+00 1.559563e+00 1.548951e+00 1.727610e+00 2.001033e+00 1.896160e+00 2.115349e+00 2.239630e+00 2.077232e+00 1.814465e+00 1.615966e+00 1.188320e+00 8.039092e-01 5.878139e-01 3.882639e-01 1.334705e-01 5.468075e-01 9.377004e-01 1.231504e+00 1.769382e+00 2.004541e+00 2.153381e+00 2.392201e+00 2.295436e+00
 1.843073e+00 1.608396e+00 1.799141e+00 1.475637e+00 1.592381e+00 1.490671e+00 1.404777e+00 1.325371e+00 1.557214e+00 1.612375e+00 1.527675e+00 1.782974e+00 1.867804e+00 2.004706e+00 2.253226e+00 2.248059e+00 2.128774e+00 1.878008e+00 1.497515e+00 1.107993e+00 6.597619e-01 4.700100e-01 2.772099e-01 5.470918e-01 9.657485e-01 1.083367e+00 1.652559e+00 2.098516e+00 2.221140e+00 2.553578e+00 2.224324e+00
 1.831681e+00 1.947852e+00 1.634265e+00 1.446838e+00 1.515078e+00 1.500591e+00 1.294543e+00 1.453563e+00 1.274552e+00 1.506502e+00 1.529093e+00 1.682436e+00 2.070493e+00 2.180488e+00 2.549255e+00 2.556900e+00 2.381705e+00 2.004098e+00 1.651414e+00 1.318609e+00 9.746337e-01 4.993219e-01 4.685410e-01 7.565046e-01 9.370551e-01 1.416362e+00 1.604887e+00 1.980334e+00 2.348741e+00 2.339756e+00 2.249354e+00
 -3.902059e-01 -2.662634e-01 -2.457559e-01 3.770030e-02 4.079900e-01 6.485540e-01 1.073716e+00 1.338550e+00 1.793457e+00 2.220449e+00 2.255970e+00 2.661528e+00 3.114284e+00 3.765254e+00 3.886386e+00 4.287759e+00 3.846611e+00 3.485103e+00 3.082476e+00 2.735726e+00 2.418738e+00 2.174707e+00 1.997004e+00 1.901081e+00 1.615448e+00 1.539587e+00 1.101648e+00 8.742482e-01 7.121250e-01 6.768055e-01 2.744567e-01
 -3.095777e-01 -2.708466e-01 -1.263055e-01 -3.191615e-02 2.259349e-01 5.559806e-01 1.144305e+00 1.399176e+00 1.881692e+00 2.103610e+00 2.651338e+00 2.906965e+00 3.448628e+00 3.968024e+00 3.738182e+00 3.631394e+00 3.664654e+00 3.355523e+00 2.846809e+00 2.496773e+00 2.333494e+00 1.909539e+00 1.948852e+00 1.772931e+00 1.670323e+00 1.326635e+00 1.035135e+00 9.263178e-01 8.159033e-01 5.123435e-01 2.063869e-01
 -2.544820e-01 -2.565491e-01 6.520253e-02 1.282579e-01 3.980738e-01 7.719655e-01 1.340487e+00 1.488306e+00 1.791884e+00 2.228732e+00 2.562497e+00 2.710748e+00 3.252264e+00 3.607853e+00 3.697033e+00 3.615305e+00 3.435513e+00 3.179233e+00 2.633426e+00 2.501630e+00 2.064197e+00 2.137931e+00 1.845076e+00 1.791500e+00 1.773658e+00 1.298226e+00 1.186798e+00 9.675404e-01 6.435289e-01 5.922234e-01 1.649118e-01
 -4.403515e-01 -2.755003e-01 -1.770612e-01 2.160285e-01 5.229872e-01 1.013729e+00 1.253368e+00 1.443720e+00 1.949651e+00 2.120138e+00 2.570996e+00 2.872655e+00 3.178470e+00 3.438809e+00 3.537208e+00 3.278230e+00 3.269154e+00 2.920273e+00 2.384016e+00 2.153616e+00 1.855744e+00 1.873899e+00 1.915877e+00 1.754676e+00 1.658003e+00 1.311272e+00 1.177821e+00 1.088084e+00 6.998766e-01 2.702608e-01 2.294339e-01
 -1.789715e-01 -1.588244e-01 -2.123067e-01 4.555405e-02 4.168560e-01 9.157507e-01 1.349802e+00 1.672436e+00 1.923488e+00 2.257905e+00 2.665122e+00 2.748136e+00 3.165046e+00 3.348411e+00 3.302406e+00 3.403813e+00 3.093757e+00 2.517553e+00 2.190793e+00 2.169093e+00 1.943396e+00 1.873269e+00 1.801491e+00 1.829708e+00 1.424667e+00 1.226734e+00 1.191898e+00 8.863609e-01 7.734586e-01 3.612106e-01 2.802203e-01
 -3.240416e-01 -2.588039e-01 -4.935759e-02 3.714877e-01 5.989879e-01 7.959778e-01 1.299339e+00 1.565503e+00 2.046265e+00 2.396671e+00 2.507951e+00 2.690981e+00 3.079232e+00 3.109783e+00 3.264102e+00 2.856432e+00 2.932848e+00 2.363197e+00 2.181310e+00 2.009179e+00 1.690955e+00 1.548132e+00 1.802718e+00 1.416902e+00 1.643460e+00 1.241849e+00 1.143883e+00 9.810274e-01 6.595618e-01 3.209858e-01 6.203764e-02
 -2.789228e-01 -5.073086e-01 -3.555524e-01 1.058471e-01 3.969441e-01 9.889898e-01 1.271448e+00 1.669860e+00 2.048663e+00 2.332854e+00 2.737554e+00 2.702686e+00 2.915154e+00 2.971435e+00 3.031404e+00 2.733319e+00 2.523622e+00 2.080982e+00 1.860286e+00 1.759279e+00 1.450263e+00 1.688780e+00 1.528797e+00 1.441720e+00 1.328839e+00 1.210953e+00 1.101306e+00 9.613886e-01 6.811162e-01 3.313835e-01 1.127873e-01
 -3.215441e-01 -4.587495e-01 -2.430481e-01 2.150373e-02 4.266954e-01 1.065284e+00 1.590260e+00 1.990742e+00 2.074758e+00 2.373215e+00 2.668153e+00 2.832871e+00 3.043377e+00 2.983948e+00 2.742519e+00 2.671252e+00 2.453592e+00 1.964786e+00 1.801547e+00 1.484890e+00 1.381302e+00 1.475413e+00 1.497474e+00 1.480076e+00 1.394675e+00 1.001106e+00 1.105970e+00 7.912317e-01 9.791226e-01 4.420873e-01 6.062245e-02
 -6.084414e-01 -4.620356e-01 -2.135662e-01 1.006986e-01 4.465093e-01 1.125967e+00 1.568279e+00 1.849057e+00 2.309995e+00 2.399226e+00 2.790108e+00 2.646682e+00 2.622507e+00 2.767615e+00 2.655223e+00 2.553523e+00 1.934681e+00 1.750878e+00 1.422056e+00 1.380681e+00 1.541289e+00 1.599663e+00 1.444857e+00 1.346218e+00 1.337443e+00 1.219063e+00 1.059457e+00 8.118966e-01 7.568063e-01 5.011730e-01 1.330659e-01
 -3.806834e-01 -3.930988e-01 -3.193891e-01 1.238484e-01 4.508059e-01 1.120295e+00 1.637866e+00 2.085523e+00 2.384616e+00 2.447958e+00 2.698338e+00 2.614414e+00 2.578341e+00 2.489983e+00 2.355587e+00 1.981654e+00 1.850602e+00 1.620630e+00 1.180785e+00 1.105829e+00 1.343899e+00 1.308820e+00 1.529159e+00 1.380511e+00 1.329671e+00 1.195142e+00 8.049843e-01 1.008419e+00 5.985160e-01 4.591005e-01 -4.495888e-02
 -6.901181e-01 -4.695505e-01 -3.588429e-01 3.251161e-02 6.119055e-01 1.161150e+00 1.510411e+00 2.014295e+00 2.282085e+00 2.478978e+00 2.630437e+00 2.680313e+00 2.431406e+00 2.395003e+00 2.166554e+00 1.873722e+00 1.703463e+00 1.336342e+00 1.051175e+00 9.618428e-01 1.099003e+00 1.112177e+00 1.048909e+00 1.318377e+00 1.118117e+00 9.195790e-01 9.255100e-01 7.966307e-01 7.297482e-01 1.696494e-01 7.665820e-02
 -6.912518e-01 -5.239565e-01 -2.333131e-01 -5.382641e-03 5.066012e-01 1.068892e+00 1.664910e+00 2.021255e+00 2.291251e+00 2.429591e+00 2.464796e+00 2.398334e+00 2.433974e+00 2.185672e+00 1.981782e+00 1.496108e+00 1.445439e+00 1.133874e+00 8.188056e-01 1.037820e+00 1.089307e+00 1.010136e+00 1.274111e+00 1.369906e+00 1.250148e+00 1.170595e+00 8.804043e-01 8.525876e-01 5.081930e-01 3.275861e-01 -1.617961e-02
 -9.221484e-01 -7.670811e-01 -4.331976e-01 3.504768e-03 4.702198e-01 1.143347e+00 1.650847e+00 1.993011e+00 2.413667e+00 2.434842e+00 2.564746e+00 2.486924e+00 2.213180e+00 2.058173e+00 1.650774e+00 1.508425e+00 1.204579e+00 9.174808e-01 7.431497e-01 7.304010e-01 8.341762e-01 9.895035e-01 1.180030e+00 1.190326e+00 8.894830e-01 8.711432e-01 8.335868e-01 8.757759e-01 5.611120e-01 3.345235e-01 -1.191996e-01
 -7.815046e-01 -5.900056e-01 -5.158999e-01 -1.828350e-01 4.319780e-01 1.025352e+00 1.683080e+00 1.855580e+00 2.290966e+00 2.447596e+00 2.486156e+00 2.223543e+00 2.243740e+00 1.842841e+00 1.451648e+00 1.245997e+00 1.126126e+00 7.331996e-01 7.008339e-01 7.118200e-01 8.826287e-01 1.033904e+00 1.098213e+00 1.012523e+00 9.694260e-01 8.452217e-01 9.109273e-01 7.966426e-01 6.057036e-01 1.725190e-01 5.263679e-03
 -9.673547e-01 -6.033644e-01 -4.143891e-01 -1.557041e-01 6.756957e-01 9.880398e-01 1.623586e+00 2.077827e+00 2.237562e+00 2.427443e+00 2.324844e+00 2.313003e+00 1.748037e+00 1.655901e+00 1.332167e+00 1.193753e+00 6.767054e-01 6.640219e-01 6.637052e-01 5.672237e-01 7.691184e-01 6.507685e-01 8.745487e-01 1.031528e+00 1.087440e+00 7.549334e-01 9.190360e-01 6.398498e-01 5.249278e-01 2.578335e-01 1.966340e-01
 -9.821281e-01 -8.483141e-01 -6.050251e-01 -5.078268e-02 5.791168e-01 1.058937e+00 1.774426e+00 2.238076e+00 2.449864e+00 2.333165e+00 2.180266e+00 2.115947e+00 1.680370e+00 1.599642e+00 1.225831e+00 8.457044e-01 6.780325e-01 3.868115e-01 3.661001e-01 4.428000e-01 5.201349e-01 9.931141e-01 1.046215e+00 9.213010e-01 9.274169e-01 8.077816e-01 6.181455e-01 5.416390e-01 3.536872e-01 1.518091e-01 -5.799545e-02
 -9.009317e-01 -8.076653e-01 -4.424856e-01 -2.064549e-02 5.835428e-01 1.139649e+00 1.461890e+00 2.185930e+00 2.163869e+00 2.466875e+00 2.040133e+00 1.819288e+00 1.616450e+00 1.301044e+00 7.791535e-01 6.181798e-01 3.290968e-01 2.502325e-01 3.405808e-01 3.566016e-01 5.664759e-01 7.541804e-01 8.647046e-01 1.071578e+00 1.019995e+00 8.674147e-01 7.193567e-01 5.185597e-01 5.285360e-01 4.321969e-02 -2.043004e-01
 -8.115803e-01 -1.010894e+00 -5.675316e-01 3.249447e-02 4.458333e-01 1.307993e+00 1.696472e+00 2.044783e+00 2.358462e+00 2.242100e+00 2.087273e+00 1.885875e+00 1.463470e+00 1.057878e+00 8.185457e-01 5.392186e-01 4.660623e-01 1.762148e-01 1.525078e-01 1.942944e-01 4.814668e-01 7.827295e-01 9.975221e-01 9.333683e-01 8.847678e-01 7.544672e-01 6.280733e-01 4.918392e-01 4.067466e-01 1.005979e-01 -2.885490e-01
 -9.877638e-01 -8.965894e-01 -6.082386e-01 -1.669189e-01 5.508955e-01 1.188299e+00 1.714009e+00 1.973648e+00 2.405004e+00 2.211843e+00 1.866754e+00 1.694944e+00 1.108549e+00 7.886731e-01 6.071628e-01 2.702575e-01 1.562261e-01 -3.769440e-02 -1.375869e-02 2.558615e-01 5.250439e-01 9.169962e-01 7.354216e-01 8.280498e-01 8.166485e-01 7.798877e-01 6.197950e-01 5.977644e-01 3.076342e-01 9.527025e-02 -2.411430e-02
 -1.009724e+00 -9.023254e-01 -4.511405e-01 -1.479073e-02 5.100744e-01 9.576858e-01 1.537050e+00 2.066513e+00 2.187676e+00 2.116878e+00 1.910218e+00 1.586546e+00 1.069849e+00 7.093952e-01 2.127506e-01 1.463281e-01 -8.039363e-02 -1.554051e-01 -7.261040e-02 2.818449e-02 3.955160e-01 5.021481e-01 8.325047e-01 8.002530e-01 7.118473e-01 7.414466e-01 3.720394e-01 3.258842e-01 4.949320e-01 7.210662e-02 -2.380060e-01
 -9.845441e-01 -1.064141e+00 -3.776447e-01 3.095436e-02 4.391295e-01 1.249477e+00 1.452101e+00 2.045707e+00 2.270332e+00 2.040104e+00 1.914220e+00 1.357795e+00 8.865100e-01 5.522225e-01 3.834002e-01 2.909674e-02 -1.698181e-01 -2.637757e-01 -4.894888e-02 7.899163e-02 4.050638e-01 6.167096e-01 6.369802e-01 7.271731e-01 7.778605e-01 6.902748e-01 4.244779e-01 4.844504e-01 5.440391e-01 2.557638e-01 -1.879311e-01
 -9.591968e-01 -7.537689e-01 -5.329467e-01 -9.587861e-03 6.520233e-01 1.092692e+00 1.721784e+00 2.070544e+00 2.249937e+00 2.176324e+00 1.437108e+00 1.559761e+00 9.609846e-01 5.240944e-01 1.400909e-01 -1.614163e-01 -3.231252e-01 -3.818757e-01 -1.371840e-01 1.756489e-01 3.531241e-01 7.048337e-01 7.149733e-01 6.917256e-01 7.812991e-01 6.678539e-01 5.882949e-01 4.722327e-01 1.862453e-01 2.176110e-01 -2.061529e-01
 -1.094515e+00 -8.338927e-01 -4.717214e-01 3.083073e-02 4.165057e-01 1.202977e+00 1.754527e+00 1.880737e+00 2.123550e+00 1.901465e+00 1.583005e+00 1.213831e+00 8.735641e-01 2.754590e-01 9.172447e-02 -3.613395e-01 -3.923069e-01 -3.651274e-01 -1.792130e-01 -2.169771e-03 2.618582e-01 5.809371e-01 6.090630e-01 8.934830e-01 7.405969e-01 5.997185e-01 5.399820e-01 3.749694e-01 1.757837e-01 1.993478e-01 -1.060861e-01
 -1.122811e+00 -8.785436e-01 -5.108115e-01 1.866757e-01 7.804337e-01 1.191924e+00 1.482789e+00 1.885206e+00 1.804287e+00 1.961422e+00 1.679175e+00 9.349097e-01 6.009049e-01 2.127082e-01 -3.822469e-02 -2.966143e-01 -3.294823e-01 -6.112929e-01 -1.662617e-01 -1.056483e-01 2.070647e-01 4.055332e-01 6.147530e-01 8.008997e-01 3.631251e-01 4.627561e-01 4.518630e-01 2.523900e-01 2.382443e-01 2.100149e-01 -1.403491e-01
 -9.101222e-01 -5.550538e-01 -2.599133e-01 4.358211e-02 6.873325e-01 1.089234e+00 1.605675e+00 1.897223e+00 1.965150e+00 1.640525e+00 1.330615e+00 1.019531e+00 6.179333e-01 6.539318e-02 -3.275026e-01 -4.427548e-01 -6.112227e-01 -4.133516e-01 -1.655887e-01 -8.597878e-02 2.571330e-01 5.228190e-01 6.640325e-01 7.555694e-01 6.728750e-01 5.030311e-01 5.331616e-01 3.508321e-01 2.923698e-01 -3.696917e-02 -2.364591e-01
 -7.983866e-01 -5.302754e-01 -1.470088e-01 1.513473e-01 5.857259e-01 1.403104e+00 1.663962e+00 1.891266e+00 1.881821e+00 1.398440e+00 1.248436e+00 7.195408e-01 3.945070e-01 -1.999009e-01 -2.910855e-01 -6.168499e-01 -5.368299e-01 -4.051644e-01 -2.943539e-01 1.448033e-01 2.537525e-01 5.831799e-01 6.873414e-01 7.505712e-01 7.692599e-01 5.426514e-01 4.436207e-01 2.758772e-01 2.953543e-01 2.373798e-01 -3.636479e-01
 -6.613707e-01 -7.065768e-01 -2.932448e-01 7.926533e-02 6.885055e-01 1.193147e+00 1.538056e+00 1.726564e+00 1.721996e+00 1.588775e+00 1.078478e+00 6.067140e-01 6.951156e-02 -1.458217e-01 -3.991385e-01 -5.919205e-01 -6.589443e-01 -4.281465e-01 -3.231096e-01 1.255282e-02 4.502010e-01 5.545362e-01 7.774824e-01 7.798508e-01 6.571818e-01 7.162470e-01 4.303041e-01 4.845285e-01 3.371918e-01 -2.727423e-02 -2.029896e-01
 -6.839238e-01 -6.512537e-01 -2.761581e-01 1.504872e-01 9.232715e-01 1.125375e+00 1.640911e+00 1.864426e+00 1.841305e+00 1.376125e+00 1.075661e+00 5.936943e-01 1.146918e-03 -2.215886e-01 -5.793931e-01 -8.154964e-01 -7.246206e-01 -6.461422e-01 -2.778834e-01 1.752442e-01 3.204205e-01 4.931036e-01 7.192591e-01 6.898454e-01 8.630490e-01 6.629191e-01 5.478331e-01 5.786963e-01 3.311444e-01 3.605061e-01 -2.304503e-02
 -7.763136e-01 -5.209547e-01 -2.045793e-02 2.412028e-01 5.058013e-01 1.216577e+00 1.531308e+00 1.559497e+00 1.451851e+00 1.532014e+00 8.791685e-01 5.088349e-01 1.281778e-01 -3.292145e-01 -5.922940e-01 -7.855093e-01 -7.540503e-01 -5.060729e-01 -3.034180e-01 1.751400e-01 3.121768e-01 6.131993e-01 7.242286e-01 7.105728e-01 6.823103e-01 8.205223e-01 6.058626e-01 4.869711e-01 3.280015e-01 2.361558e-01 7.572491e-02
 -5.494383e-01 -2.841711e-01 -1.763433e-01 4.172280e-01 9.055924e-01 1.216583e+00 1.515859e+00 1.533594e+00 1.447528e+00 1.191549e+00 9.254906e-01 3.151914e-01 -1.509464e-01 -3.952755e-01 -7.167643e-01 -8.939158e-01 -9.336406e-01 -7.883503e-01 -3.000585e-01 1.631253e-01 1.566428e-01 6.248134e-01 8.191547e-01 1.038032e+00 8.395974e-01 7.726667e-01 6.929036e-01 5.120832e-01 4.459412e-01 5.146746e-01 2.256396e-01
 -3.898812e-01 -2.338442e-01 1.978066e-01 3.292222e-01 7.965002e-01 1.143956e+00 1.453180e+00 1.512732e+00 1.457463e+00 1.434506e+00 3.588741e-01 2.979393e-01 -1.002541e-01 -5.952719e-01 -1.018746e+00 -7.027329e-01 -8.927681e-01 -6.876286e-01 -2.054745e-01 4.188922e-02 3.017880e-01 7.415897e-01 7.847022e-01 8.148482e-01 8.605800e-01 7.054976e-01 5.687611e-01 6.437031e-01 5.871475e-01 6.648500e-01 1.445075e-01
